Blue
0.790 0.796 0.792 0.788 0.784 0.780 0.776 0.772 0.768 0.764 
0.760 0.758 0.756 0.754 0.752 0.750 0.748 0.746 0.744 0.742
0.740 0.738 0.736 0.734 0.732 0.730 0.726 0.722 0.718 0.714
0.711 0.708 0.705 0.702 0.699 0.696 0.693 0.690 0.687 0.683
0.680 0.677 0.674 0.671 0.668 0.665 0.662 0.659 0.656 0.653
0.651 0.649 0.647 0.645 0.643 0.641 0.638 0.635 0.632 0.629
0.628 0.627 0.626 0.625 0.624 0.623 0.622 0.621 0.620 0.619 
0.619 0.619 0.619 0.619 0.619 0.619 0.619 0.619 0.619 0.619
0.619 0.619 0.619 0.619 0.619 0.619 0.619 0.619 0.619 0.619 
0.619 0.619 0.619 0.619 0.619 0.619 0.619 0.619 0.619 0.619 
0.619

Green
0.210 0.214 0.218 0.222 0.226 0.230 0.232 0.234 0.236 0.236
0.238 0.238 0.239 0.239 0.240 0.240 0.241 0.242 0.242 0.243
0.243 0.243 0.244 0.244 0.245 0.246 0.247 0.248 0.248 2.048 
0.250 0.254 0.258 0.262 0.268 0.280 0.285 0.290 0.295 0.300
0.305 0.310 0.315 0.320 0.325 0.330 0.335 0.340 0.345 0.350
0.352 0.354 0.356 0.358 0.360 0.362 0.364 0.366 0.368 0.670
0.371 0.372 0.373 0.374 0.375 0.376 0.376 0.377 0.378 0.379 
0.380 0.381 0.381 0.381 0.381 0.381 0.381 0.381 0.381 0.381
0.381 0.381 0.381 0.381 0.381 0.381 0.381 0.381 0.381 0.381 
0.381 0.381 0.381 0.381 0.381 0.381 0.381 0.381 0.381 0.381 
0.381   