Red
0.150 0.155 0.160 0.165 0.175 0.180 0.185 0.190 0.195 0.200
0.210 0.220 0.230 0.240 0.250 0.255 0.265 0.270 0.285 0.290
0.300 0.305 0.320 0.340 0.370 0.390 0.400 0.430 0.460 0.490
0.500 0.510 0.540 0.560 0.580 0.600 0.620 0.630 0.650 0.690
0.720 0.750 0.780 0.800 0.810 0.830 0.860 0.870 0.890 0.900
0.905 0.910 0.915 0.920 0.925 0.930 0.935 0.940 0.945 0.950
0.955 0.960 0.970 0.975 0.985 0.990 0.995 0.995 1.000 1.000
1.000 1.000 1.000 1.000 1.000 1.000 1.000 1.000 1.000 1.000
1.000 1.000 1.000 1.000 1.000 1.000 1.000 1.000 1.000 1.000
1.000 1.000 1.000 1.000 1.000 1.000 1.000 1.000 1.000 1.000
1.000

Green
0.850 0.845 0.840 0.835 0.830 0.825 0.820 0.815 0.810 0.805 
0.800 0.795 0.785 0.780 0.770 0.765 0.745 0.725 0.715 0.700
0.695 0.675 0.655 0.635 0.605 0.600 0.580 0.540 0.520 0.505
0.495 0.455 0.455 0.415 0.405 0.400 0.380 0.355 0.335 0.305
0.290 0.250 0.225 0.200 0.190 0.180 0.160 0.135 0.125 0.105
0.100 0.095 0.090 0.085 0.080 0.075 0.075 0.070 0.050 0.050
0.040 0.035 0.035 0.030 0.025 0.025 0.020 0.010 0.005 0.005
0.000 0.000 0.000 0.000 0.000 0.000 0.000 0.000 0.000 0.000 
0.000 0.000 0.000 0.000 0.000 0.000 0.000 0.000 0.000 0.000 
0.000 0.000 0.000 0.000 0.000 0.000 0.000 0.000 0.000 0.000 
0.000 