Blue
0.18 0.30 0.40 0.54 0.66 0.73 0.82 0.90 0.94 0.98
1 1 1 1 1 1 1 1 1 1 
1 1 1 1 1 1 1 1 1 1 
1 1 1 1 1 1 1 1 1 1 
1 1 1 1 1 1 1 1 1 1 
1 1 1 1 1 1 1 1 1 1 
1 1 1 1 1 1 1 1 1 1 
1 1 1 1 1 1 1 1 1 1 
1 1 1 1 1 1 1 1 1 1 
1 1 1 1 1 1 1 1 1 1 

Black
0.18 0.25 0.30 0.35 0.40 0.45 0.49 0.52 0.60 0.68 
0.69 0.72 0.74 0.75 0.78 0.80 0.82 0.84 0.84 0.84
0.84 0.84 0.84 0.84 0.84 0.84 0.84 0.84 0.84 0.84
0.84 0.84 0.84 0.84 0.84 0.84 0.84 0.84 0.84 0.84
0.84 0.84 0.84 0.84 0.84 0.84 0.84 0.84 0.84 0.84
0.84 0.84 0.84 0.84 0.84 0.84 0.84 0.84 0.84 0.84
0.84 0.84 0.84 0.84 0.84 0.84 0.84 0.84 0.84 0.84
0.84 0.84 0.84 0.84 0.84 0.84 0.84 0.84 0.84 0.84
0.84 0.84 0.84 0.84 0.84 0.84 0.84 0.84 0.84 0.84
0.84 0.84 0.84 0.84 0.84 0.84 0.84 0.84 0.84 0.84

Red
0.18 0.19 0.21 0.28 0.31 0.33 0.35 0.37 0.39 0.44
0.46 0.49 0.52 0.55 0.58 0.61 0.64 0.67 0.69 0.73
0.76 0.79 0.81 0.83 0.84 0.86 0.88 0.89 0.90 0.91
0.93 0.94 0.95 0.96 0.97 0.97 0.98 0.98 0.99 0.99
1 1 1 1 1 1 1 1 1 1
1 1 1 1 1 1 1 1 1 1
1 1 1 1 1 1 1 1 1 1
1 1 1 1 1 1 1 1 1 1
1 1 1 1 1 1 1 1 1 1
1 1 1 1 1 1 1 1 1 1
1

Green
0.18 0.18 0.18 0.18 0.18 0.18 0.18 0.18 0.18 0.18
0.18 0.18 0.18 0.18 0.18 0.18 0.18 0.18 0.18 0.18
0.18 0.18 0.18 0.18 0.18 0.18 0.18 0.18 0.18 0.18
0.18 0.18 0.18 0.18 0.18 0.18 0.18 0.18 0.18 0.18
0.18 0.18 0.18 0.18 0.18 0.18 0.18 0.18 0.18 0.18
0.18 0.18 0.18 0.18 0.18 0.18 0.18 0.18 0.18 0.18
0.18 0.18 0.18 0.18 0.18 0.18 0.18 0.18 0.18 0.18
0.18 0.18 0.18 0.18 0.18 0.18 0.18 0.18 0.18 0.18
0.18 0.18 0.18 0.18 0.18 0.18 0.18 0.18 0.18 0.18
0.18 0.18 0.18 0.18 0.18 0.18 0.18 0.18 0.18 0.18
0.18